

hudsonia<-list(
A85=matrix(c(
    0.4995, 0,      4.5782, 12.1425, 22.3167, 50.1895
   ,0.0004, 0,      0.0039,  0.0102,  0.0188,  0.0423
   ,0,      0.4773, 0.7059,  0.1294,  0.0831,  0
   ,0,      0,      0.1345,  0.453,   0.2079,  0.2
   ,0,      0,      0,       0.3235,  0.6238,  0.2
   ,0,      0,      0,       0.0647,  0.0831,  0.6   ),
             nrow=6, byrow=TRUE,
            dimnames=list(c("seed", "seedlings", "tiny", "small", "medium", "large"),
                          c("seed", "seedlings", "tiny", "small", "medium", "large")
)
            ),

A86=matrix(c(
    0.4995 ,0,      4.5782, 12.1425, 22.3167, 50.1895
   ,0.0004, 0,      0.0039,  0.0102,  0.0188,  0.0423
   ,0,      0.4773, 0.4995,  0.2178,  0.0493,  0
   ,0,      0,      0.2913,  0.4356,  0.148,   0
   ,0,      0,      0,       0.2722,  0.444,   0
   ,0,      0,      0,       0,       0.3454,  0.9994   ),
             nrow=6, byrow=TRUE,
            dimnames=list(c("seed", "seedlings", "tiny", "small", "medium", "large"),
                          c("seed", "seedlings", "tiny", "small", "medium", "large")
)
            ),

A87=matrix(c(
    0.4995, 0,      4.4234, 11.7319, 21.562,  48.4923
   ,0.0003, 0,      0.0028,  0.0073,  0.0135,  0.0303
   ,0,      0.4545, 0.4575,  0.3079,  0.1425,  0
   ,0,      0,      0.1144,  0.5544,  0.1425,  0.0769
   ,0,      0,      0,       0.0616,  0.4985,  0.3846
   ,0,      0,      0,       0,       0.2137,  0.5385   ),
             nrow=6, byrow=TRUE,
            dimnames=list(c("seed", "seedlings", "tiny", "small", "medium", "large"),
                          c("seed", "seedlings", "tiny", "small", "medium", "large")
)
            ),

A88=matrix(c(
    0.4995, 0,      4.733,  12.5531, 23.0714, 51.8867
   ,0.0003, 0,      0.0028,  0.0075,  0.0137,  0.0308
   ,0,      0.5,    0.7331,  0.1428,  0,       0
   ,0,      0,      0.22,    0.4286,  0,       0
   ,0,      0,      0,       0.4286,  0.6154,  0.1
   ,0,      0,      0,       0,       0.3846,  0.9
         
   ),
             nrow=6, byrow=TRUE,
            dimnames=list(c("seed", "seedlings", "tiny", "small", "medium", "large"),
                          c("seed", "seedlings", "tiny", "small", "medium", "large")
)
            )
)


